3,19
3,72
3,103
3,112
3,114
3,119
3,161
3,222
3,267
4,19
4,28
4,43
4,51
4,62
4,69
4,134
4,157
6,19
6,25
6,43
6,51
6,62
6,122
6,154
6,236
7,17
7,19
7,22
7,26
7,51
7,59
7,64
7,412
11,18
11,19
11,78
11,79
11,127
11,222
11,238
11,497
17,7
17,19
17,22
17,26
17,51
17,59
17,64
17,412
18,11
18,19
18,78
18,79
18,127
18,222
18,238
18,497
19,3
19,4
19,6
19,7
19,11
19,17
19,18
19,22
19,23
19,25
19,26
19,28
19,29
19,30
19,38
19,43
19,44
19,51
19,59
19,62
19,64
19,69
19,72
19,75
19,78
19,79
19,81
19,86
19,89
19,103
19,112
19,114
19,115
19,119
19,122
19,127
19,134
19,154
19,157
19,161
19,222
19,236
19,238
19,267
19,412
19,497
22,7
22,17
22,19
22,26
22,51
22,59
22,64
22,412
23,19
23,64
23,86
23,103
23,115
23,157
23,267
23,412
25,6
25,19
25,43
25,51
25,62
25,122
25,154
25,236
26,7
26,17
26,19
26,22
26,51
26,59
26,64
26,412
28,4
28,19
28,43
28,51
28,62
28,69
28,134
28,157
29,19
29,30
29,32
29,38
29,40
29,44
29,51
29,67
29,75
29,89
29,99
29,103
29,157
29,236
29,254
29,267
30,19
30,29
30,38
30,44
30,75
30,89
30,157
30,236
32,29
32,40
32,51
32,67
32,99
32,103
32,254
32,267
38,19
38,29
38,30
38,44
38,75
38,89
38,157
38,236
40,29
40,32
40,51
40,67
40,99
40,103
40,254
40,267
43,4
43,6
43,19
43,25
43,28
43,51
43,62
43,69
43,122
43,134
43,154
43,157
43,236
44,19
44,29
44,30
44,38
44,75
44,89
44,157
44,236
51,4
51,6
51,7
51,17
51,19
51,22
51,25
51,26
51,28
51,29
51,32
51,40
51,43
51,59
51,62
51,64
51,67
51,69
51,81
51,99
51,103
51,122
51,134
51,154
51,157
51,161
51,222
51,236
51,254
51,267
51,412
59,7
59,17
59,19
59,22
59,26
59,51
59,64
59,412
62,4
62,6
62,19
62,25
62,28
62,43
62,51
62,69
62,81
62,122
62,134
62,154
62,157
62,161
62,222
62,236
62,412
64,7
64,17
64,19
64,22
64,23
64,26
64,51
64,59
64,86
64,103
64,115
64,157
64,267
64,412
67,29
67,32
67,40
67,51
67,99
67,103
67,254
67,267
69,4
69,19
69,28
69,43
69,51
69,62
69,134
69,157
72,3
72,19
72,103
72,112
72,114
72,119
72,161
72,222
72,267
75,19
75,29
75,30
75,38
75,44
75,89
75,157
75,236
78,11
78,18
78,19
78,79
78,127
78,222
78,238
78,497
79,11
79,18
79,19
79,78
79,127
79,222
79,238
79,497
81,19
81,51
81,62
81,122
81,161
81,222
81,236
81,412
86,19
86,23
86,64
86,103
86,115
86,157
86,267
86,412
89,19
89,29
89,30
89,38
89,44
89,75
89,157
89,236
99,29
99,32
99,40
99,51
99,67
99,103
99,254
99,267
103,3
103,19
103,23
103,29
103,32
103,40
103,51
103,64
103,67
103,72
103,86
103,99
103,112
103,114
103,115
103,119
103,157
103,161
103,222
103,254
103,267
103,412
112,3
112,19
112,72
112,103
112,114
112,119
112,161
112,222
112,267
114,3
114,19
114,72
114,103
114,112
114,119
114,161
114,222
114,267
115,19
115,23
115,64
115,86
115,103
115,157
115,267
115,412
119,3
119,19
119,72
119,103
119,112
119,114
119,161
119,222
119,267
122,6
122,19
122,25
122,43
122,51
122,62
122,81
122,154
122,161
122,222
122,236
122,412
127,11
127,18
127,19
127,78
127,79
127,222
127,238
127,497
134,4
134,19
134,28
134,43
134,51
134,62
134,69
134,157
154,6
154,19
154,25
154,43
154,51
154,62
154,122
154,236
157,4
157,19
157,23
157,28
157,29
157,30
157,38
157,43
157,44
157,51
157,62
157,64
157,69
157,75
157,86
157,89
157,103
157,115
157,134
157,236
157,267
157,412
161,3
161,19
161,51
161,62
161,72
161,81
161,103
161,112
161,114
161,119
161,122
161,222
161,236
161,267
161,412
222,3
222,11
222,18
222,19
222,51
222,62
222,72
222,78
222,79
222,81
222,103
222,112
222,114
222,119
222,122
222,127
222,161
222,236
222,238
222,267
222,412
222,497
236,6
236,19
236,25
236,29
236,30
236,38
236,43
236,44
236,51
236,62
236,75
236,81
236,89
236,122
236,154
236,157
236,161
236,222
236,412
238,11
238,18
238,19
238,78
238,79
238,127
238,222
238,497
254,29
254,32
254,40
254,51
254,67
254,99
254,103
254,267
267,3
267,19
267,23
267,29
267,32
267,40
267,51
267,64
267,67
267,72
267,86
267,99
267,103
267,112
267,114
267,115
267,119
267,157
267,161
267,222
267,254
267,412
412,7
412,17
412,19
412,22
412,23
412,26
412,51
412,59
412,62
412,64
412,81
412,86
412,103
412,115
412,122
412,157
412,161
412,222
412,236
412,267
497,11
497,18
497,19
497,78
497,79
497,127
497,222
497,238
